,分配金,前日比,基準価額,日時,純資産総額
0,0,-65.0,1714.0,2018-09-21,4350000000.0
1,0,13.0,1779.0,2018-09-20,4390000000.0
2,0,-56.0,1766.0,2018-09-19,4090000000.0
3,0,-77.0,1822.0,2018-09-18,4010000000.0
4,0,-89.0,1899.0,2018-09-14,3950000000.0
5,0,-52.0,1988.0,2018-09-13,3810000000.0
6,0,10.0,2040.0,2018-09-12,3940000000.0
7,0,-82.0,2030.0,2018-09-11,3910000000.0
8,0,6.0,2112.0,2018-09-10,4079999999.9999995
9,0,27.0,2106.0,2018-09-07,4350000000.0
10,0,22.0,2079.0,2018-09-06,4530000000.0
11,0,56.0,2057.0,2018-09-05,4570000000.0
12,0,-16.0,2001.0,2018-09-04,4480000000.0
13,0,39.0,2017.0,2018-09-03,4620000000.0
14,0,2.0,1978.0,2018-08-31,4550000000.0
15,0,-5.0,1976.0,2018-08-30,4440000000.0
16,0,-13.0,1981.0,2018-08-29,4410000000.0
17,0,-8.0,1994.0,2018-08-28,4140000000.0
18,0,-49.0,2002.0,2018-08-27,3890000000.0
19,0,-51.0,2051.0,2018-08-24,3950000000.0
20,0,-26.0,2102.0,2018-08-23,4029999999.9999995
21,0,-29.0,2128.0,2018-08-22,4029999999.9999995
22,0,-18.0,2157.0,2018-08-21,4090000000.0
23,0,29.0,2175.0,2018-08-20,4170000000.0000005
24,0,-29.0,2146.0,2018-08-17,4170000000.0000005
25,0,5.0,2175.0,2018-08-16,4260000000.0
26,0,40.0,2170.0,2018-08-15,4120000000.0000005
27,0,-135.0,2130.0,2018-08-14,4040000000.0
28,0,119.0,2265.0,2018-08-13,4580000000.0
29,0,82.0,2146.0,2018-08-10,4470000000.0
30,0,8.0,2064.0,2018-08-09,4320000000.0
31,0,0.0,2056.0,2018-08-08,4100000000.0
32,0,-39.0,2056.0,2018-08-07,4140000000.0
33,0,5.0,2095.0,2018-08-06,4220000000.0000005
34,0,0.0,2090.0,2018-08-03,4210000000.0
35,0,72.0,2090.0,2018-08-02,4320000000.0
36,0,-77.0,2018.0,2018-08-01,4140000000.0
37,0,5.0,2095.0,2018-07-31,4250000000.0
38,0,43.0,2090.0,2018-07-30,4240000000.0
39,0,-33.0,2047.0,2018-07-27,4200000000.0
40,0,11.0,2080.0,2018-07-26,4120000000.0000005
41,0,-25.0,2069.0,2018-07-25,4010000000.0
42,0,-38.0,2094.0,2018-07-24,4150000000.0
43,0,92.0,2132.0,2018-07-23,4440000000.0
44,0,19.0,2040.0,2018-07-20,4360000000.0
45,0,3.0,2021.0,2018-07-19,4020000000.0000005
46,0,-22.0,2018.0,2018-07-18,3810000000.0
47,0,-33.0,2040.0,2018-07-17,3700000000.0
48,0,-117.0,2073.0,2018-07-13,3279999999.9999995
49,0,-94.0,2190.0,2018-07-12,3540000000.0
50,0,83.0,2284.0,2018-07-11,3670000000.0000005
51,0,-37.0,2201.0,2018-07-10,3440000000.0
52,0,-87.0,2238.0,2018-07-09,3520000000.0000005
53,0,-104.0,2325.0,2018-07-06,3710000000.0
54,0,69.0,2429.0,2018-07-05,3920000000.0000005
55,0,3.0,2360.0,2018-07-04,3770000000.0000005
56,0,9.0,2357.0,2018-07-03,3840000000.0
57,0,162.0,2348.0,2018-07-02,3770000000.0000005
58,0,-18.0,2186.0,2018-06-29,3520000000.0000005
59,0,0.0,2204.0,2018-06-28,3690000000.0
60,0,26.0,2204.0,2018-06-27,3750000000.0
61,0,-6.0,2178.0,2018-06-26,3929999999.9999995
62,0,46.0,2184.0,2018-06-25,3860000000.0
63,0,38.0,2138.0,2018-06-22,3729999999.9999995
64,0,-34.0,2100.0,2018-06-21,3560000000.0
65,0,-89.0,2134.0,2018-06-20,3800000000.0
66,0,122.0,2223.0,2018-06-19,4050000000.0
67,0,57.0,2101.0,2018-06-18,3870000000.0000005
68,0,-36.0,2044.0,2018-06-15,3740000000.0
69,0,56.0,2080.0,2018-06-14,3729999999.9999995
70,0,-22.0,2024.0,2018-06-13,3640000000.0
71,0,-11.0,2046.0,2018-06-12,3560000000.0
72,0,-48.0,2057.0,2018-06-11,3540000000.0
73,0,52.0,2105.0,2018-06-08,3400000000.0
74,0,-62.0,2053.0,2018-06-07,3379999999.9999995
75,0,-31.0,2115.0,2018-06-06,3560000000.0
76,0,-7.0,2146.0,2018-06-05,3510000000.0
77,0,-89.0,2153.0,2018-06-04,3679999999.9999995
78,0,-10.0,2242.0,2018-06-01,3750000000.0
79,0,-50.0,2252.0,2018-05-31,3900000000.0
80,0,80.0,2302.0,2018-05-30,3979999999.9999995
81,0,55.0,2222.0,2018-05-29,3860000000.0
82,0,-15.0,2167.0,2018-05-28,3790000000.0
83,0,-9.0,2182.0,2018-05-25,3800000000.0
84,0,87.0,2191.0,2018-05-24,3840000000.0
85,0,64.0,2104.0,2018-05-23,3620000000.0000005
86,0,13.0,2040.0,2018-05-22,3390000000.0
87,0,-22.0,2027.0,2018-05-21,3370000000.0000005
88,0,-24.0,2049.0,2018-05-18,3410000000.0
89,0,-28.0,2073.0,2018-05-17,3450000000.0
90,0,22.0,2101.0,2018-05-16,3450000000.0
91,0,10.0,2079.0,2018-05-15,3350000000.0
92,0,-36.0,2069.0,2018-05-14,3329999999.9999995
93,0,-66.0,2105.0,2018-05-11,3540000000.0
94,0,-24.0,2171.0,2018-05-10,3640000000.0
95,0,29.0,2195.0,2018-05-09,3640000000.0
96,0,-20.0,2166.0,2018-05-08,3500000000.0
97,0,5.0,2186.0,2018-05-07,3479999999.9999995
98,0,9.0,2181.0,2018-05-02,3400000000.0
99,0,2.0,2172.0,2018-05-01,3370000000.0000005
100,0,-57.0,2170.0,2018-04-27,3350000000.0
101,0,-30.0,2227.0,2018-04-26,3370000000.0000005
102,0,18.0,2257.0,2018-04-25,3390000000.0
103,0,-56.0,2239.0,2018-04-24,3360000000.0
104,0,18.0,2295.0,2018-04-23,3429999999.9999995
105,0,12.0,2277.0,2018-04-20,3429999999.9999995
106,0,-6.0,2265.0,2018-04-19,3379999999.9999995
107,0,-115.0,2271.0,2018-04-18,3360000000.0
108,0,7.0,2386.0,2018-04-17,3620000000.0000005
109,0,-14.0,2379.0,2018-04-16,3720000000.0000005
110,0,-50.0,2393.0,2018-04-13,3620000000.0000005
111,0,3.0,2443.0,2018-04-12,3610000000.0
112,0,62.0,2440.0,2018-04-11,3529999999.9999995
113,0,-44.0,2378.0,2018-04-10,3440000000.0
114,0,-31.0,2422.0,2018-04-09,3529999999.9999995
115,0,4.0,2453.0,2018-04-06,3529999999.9999995
116,0,-113.0,2449.0,2018-04-05,3510000000.0
117,0,-7.0,2562.0,2018-04-04,3579999999.9999995
118,0,39.0,2569.0,2018-04-03,3640000000.0
119,0,10.0,2530.0,2018-04-02,3450000000.0
120,0,-93.0,2520.0,2018-03-30,3390000000.0
121,0,-69.0,2613.0,2018-03-29,3440000000.0
122,0,30.0,2682.0,2018-03-28,3550000000.0
123,0,-265.0,2652.0,2018-03-27,3479999999.9999995
124,0,-57.0,2917.0,2018-03-26,4060000000.0
125,0,375.0,2974.0,2018-03-23,4190000000.0
126,0,-80.0,2599.0,2018-03-22,3729999999.9999995
127,0,37.0,2679.0,2018-03-20,4010000000.0
128,0,61.0,2642.0,2018-03-19,3979999999.9999995
129,0,69.0,2581.0,2018-03-16,3760000000.0
130,0,-10.0,2512.0,2018-03-15,3690000000.0
131,0,64.0,2522.0,2018-03-14,3679999999.9999995
132,0,-28.0,2458.0,2018-03-13,3720000000.0000005
133,0,-138.0,2486.0,2018-03-12,3550000000.0
134,0,-57.0,2624.0,2018-03-09,3750000000.0
135,0,-74.0,2681.0,2018-03-08,3860000000.0
136,0,101.0,2755.0,2018-03-07,3950000000.0
137,0,-183.0,2654.0,2018-03-06,3770000000.0000005
138,0,54.0,2837.0,2018-03-05,3940000000.0
139,0,183.0,2783.0,2018-03-02,4140000000.0
140,0,153.0,2600.0,2018-03-01,3810000000.0
141,0,88.0,2447.0,2018-02-28,3529999999.9999995
142,0,-53.0,2359.0,2018-02-27,3420000000.0000005
143,0,-108.0,2412.0,2018-02-26,3500000000.0
144,0,-90.0,2520.0,2018-02-23,3879999999.9999995
145,0,107.0,2610.0,2018-02-22,3920000000.0000005
146,0,-14.0,2503.0,2018-02-21,3679999999.9999995
147,0,56.0,2517.0,2018-02-20,3600000000.0
148,0,-130.0,2461.0,2018-02-19,3520000000.0000005
149,0,-110.0,2591.0,2018-02-16,3660000000.0
150,0,-109.0,2701.0,2018-02-15,3900000000.0
151,0,-4.0,2810.0,2018-02-14,4140000000.0
152,0,73.0,2814.0,2018-02-13,4120000000.0000005
153,0,204.0,2741.0,2018-02-09,4420000000.0
154,0,-121.0,2537.0,2018-02-08,4260000000.0
155,0,-38.0,2658.0,2018-02-07,4550000000.0
156,0,356.0,2696.0,2018-02-06,5130000000.0
157,0,187.0,2340.0,2018-02-05,4860000000.0
158,0,32.0,2153.0,2018-02-02,4570000000.0
159,0,-101.0,2121.0,2018-02-01,4480000000.0
160,0,48.0,2222.0,2018-01-31,4950000000.0
161,0,92.0,2174.0,2018-01-30,4900000000.0
162,0,5.0,2082.0,2018-01-29,4690000000.0
163,0,8.0,2077.0,2018-01-26,4680000000.0
164,0,63.0,2069.0,2018-01-25,4750000000.0
165,0,51.0,2006.0,2018-01-24,4590000000.0
166,0,-85.0,1955.0,2018-01-23,4430000000.0
167,0,3.0,2040.0,2018-01-22,4630000000.0
168,0,-8.0,2037.0,2018-01-19,4600000000.0
169,0,12.0,2045.0,2018-01-18,4550000000.0
170,0,33.0,2033.0,2018-01-17,4530000000.0
171,0,-60.0,2000.0,2018-01-16,4460000000.0
172,0,-21.0,2060.0,2018-01-15,4620000000.0
173,0,2.0,2081.0,2018-01-12,4710000000.0
174,0,39.0,2079.0,2018-01-11,4610000000.0
175,0,15.0,2040.0,2018-01-10,4490000000.0
176,0,-37.0,2025.0,2018-01-09,4470000000.0
177,0,-83.0,2062.0,2018-01-05,4510000000.0
178,0,-205.0,2145.0,2018-01-04,4480000000.0
179,0,9.0,2350.0,2017-12-29,4930000000.0
180,0,33.0,2341.0,2017-12-28,4940000000.0
181,0,-12.0,2308.0,2017-12-27,4860000000.0
182,0,9.0,2320.0,2017-12-26,4890000000.0
183,0,-10.0,2311.0,2017-12-25,4920000000.0
184,0,-15.0,2321.0,2017-12-22,4950000000.0
185,0,18.0,2336.0,2017-12-21,4950000000.0
186,0,-18.0,2318.0,2017-12-20,4950000000.0
187,0,24.0,2336.0,2017-12-19,4890000000.0
188,0,-117.0,2312.0,2017-12-18,4880000000.0
189,0,35.0,2429.0,2017-12-15,5130000000.0
190,0,22.0,2394.0,2017-12-14,5110000000.0
191,0,42.0,2372.0,2017-12-13,5010000000.0
192,0,15.0,2330.0,2017-12-12,4860000000.0
193,0,-31.0,2315.0,2017-12-11,4750000000.0
194,0,-98.0,2346.0,2017-12-08,4830000000.0
195,0,-119.0,2444.0,2017-12-07,5080000000.0
196,0,135.0,2563.0,2017-12-06,5560000000.0
197,0,32.0,2428.0,2017-12-05,5260000000.0
198,0,21.0,2396.0,2017-12-04,5190000000.0
199,0,-6.0,2375.0,2017-12-01,5170000000.0
200,0,-45.0,2381.0,2017-11-30,5260000000.0
201,0,-40.0,2426.0,2017-11-29,5330000000.0
202,0,0.0,2466.0,2017-11-28,5400000000.0
203,0,26.0,2466.0,2017-11-27,5390000000.0
204,0,0.0,2440.0,2017-11-24,5340000000.0
205,0,-44.0,2440.0,2017-11-22,5360000000.0
206,0,-72.0,2484.0,2017-11-21,5430000000.0
207,0,70.0,2556.0,2017-11-20,5620000000.0
208,0,-13.0,2486.0,2017-11-17,5340000000.0
209,0,-133.0,2499.0,2017-11-16,5400000000.0
210,0,131.0,2632.0,2017-11-15,5700000000.0
211,0,-50.0,2501.0,2017-11-14,5430000000.0
212,0,76.0,2551.0,2017-11-13,5540000000.0
213,0,118.0,2475.0,2017-11-10,5370000000.0
214,0,12.0,2357.0,2017-11-09,5070000000.0
215,0,16.0,2345.0,2017-11-08,5030000000.0
216,0,-129.0,2329.0,2017-11-07,4950000000.0
217,0,-40.0,2458.0,2017-11-06,5130000000.0
218,0,-16.0,2498.0,2017-11-02,5100000000.0
219,0,-175.0,2514.0,2017-11-01,5110000000.0
220,0,25.0,2689.0,2017-10-31,5370000000.0
221,0,11.0,2664.0,2017-10-30,5280000000.0
222,0,-107.0,2653.0,2017-10-27,5250000000.0
223,0,-4.0,2760.0,2017-10-26,5470000000.0
224,0,19.0,2764.0,2017-10-25,5370000000.0
225,0,-27.0,2745.0,2017-10-24,5280000000.0
226,0,-118.0,2772.0,2017-10-23,5240000000.0
227,0,8.0,2890.0,2017-10-20,5460000000.0
228,0,-49.0,2882.0,2017-10-19,5410000000.0
229,0,0.0,2931.0,2017-10-18,5370000000.0
230,0,-34.0,2931.0,2017-10-17,5290000000.0
231,0,-47.0,2965.0,2017-10-16,5310000000.0
232,0,-93.0,3012.0,2017-10-13,5250000000.0
233,0,-36.0,3105.0,2017-10-12,5330000000.0
234,0,-19.0,3141.0,2017-10-11,5340000000.0
235,0,-56.0,3160.0,2017-10-10,5370000000.0
236,0,-34.0,3216.0,2017-10-06,5430000000.0
237,0,-4.0,3250.0,2017-10-05,5380000000.0
238,0,-15.0,3254.0,2017-10-04,5260000000.0
239,0,-94.0,3269.0,2017-10-03,5130000000.0
240,0,-25.0,3363.0,2017-10-02,5200000000.0
241,0,15.0,3388.0,2017-09-29,5340000000.0
242,0,-36.0,3373.0,2017-09-28,5300000000.0
243,0,-88.0,3409.0,2017-09-27,5330000000.0
244,0,61.0,3497.0,2017-09-26,5470000000.0
245,0,-47.0,3436.0,2017-09-25,5370000000.0
246,0,21.0,3483.0,2017-09-22,5320000000.0
247,0,-42.0,3462.0,2017-09-21,4830000000.0
248,0,5.0,3504.0,2017-09-20,4750000000.0
249,0,-203.0,3499.0,2017-09-19,4670000000.0
250,0,-58.0,3702.0,2017-09-15,4920000000.0
251,0,0.0,3760.0,2017-09-14,4450000000.0
252,0,-35.0,3760.0,2017-09-13,4220000000.0000005
253,0,-134.0,3795.0,2017-09-12,4010000000.0
254,0,-174.0,3929.0,2017-09-11,4129999999.9999995
255,0,69.0,4103.0,2017-09-08,4480000000.0
256,0,-32.0,4034.0,2017-09-07,4250000000.0
257,0,57.0,4066.0,2017-09-06,4480000000.0
258,0,23.0,4009.0,2017-09-05,4460000000.0
259,0,129.0,3986.0,2017-09-04,4450000000.0
260,0,0.0,3857.0,2017-09-01,4210000000.0
261,0,-104.0,3857.0,2017-08-31,4079999999.9999995
262,0,-89.0,3961.0,2017-08-30,4140000000.0
263,0,31.0,4050.0,2017-08-29,4430000000.0
264,0,12.0,4019.0,2017-08-28,4310000000.0
265,0,-82.0,4007.0,2017-08-25,4390000000.0
266,0,62.0,4089.0,2017-08-24,4480000000.0
267,0,-50.0,4027.0,2017-08-23,4350000000.0
268,0,12.0,4077.0,2017-08-22,4570000000.0
