,分配金,前日比,基準価額,日時,純資産総額
0,0,764.0,15030.0,2018-09-21,30900000000.0
1,0,-159.0,14266.0,2018-09-20,30900000000.0
2,0,612.0,14425.0,2018-09-19,32800000000.0
3,0,752.0,13813.0,2018-09-18,33300000000.0
4,0,795.0,13061.0,2018-09-14,32700000000.0
5,0,429.0,12266.0,2018-09-13,31700000000.0
6,0,-110.0,11837.0,2018-09-12,30400000000.0
7,0,638.0,11947.0,2018-09-11,30800000000.0
8,0,-31.0,11309.0,2018-09-10,28900000000.0
9,0,-222.0,11340.0,2018-09-07,27800000000.0
10,0,-181.0,11562.0,2018-09-06,28000000000.0
11,0,-479.0,11743.0,2018-09-05,27900000000.0
12,0,137.0,12222.0,2018-09-04,28900000000.0
13,0,-352.0,12085.0,2018-09-03,28700000000.0
14,0,-24.0,12437.0,2018-08-31,29500000000.0
15,0,46.0,12461.0,2018-08-30,30700000000.0
16,0,116.0,12415.0,2018-08-29,30800000000.0
17,0,69.0,12299.0,2018-08-28,32000000000.0
18,0,403.0,12230.0,2018-08-27,33000000000.0
19,0,393.0,11827.0,2018-08-24,32300000000.0
20,0,195.0,11434.0,2018-08-23,31300000000.0
21,0,213.0,11239.0,2018-08-22,31200000000.0
22,0,127.0,11026.0,2018-08-21,30500000000.0
23,0,-216.0,10899.0,2018-08-20,30200000000.0
24,0,212.0,11115.0,2018-08-17,31100000000.0
25,0,-43.0,10903.0,2018-08-16,30200000000.0
26,0,-304.0,10946.0,2018-08-15,30200000000.0
27,0,867.0,11250.0,2018-08-14,30300000000.0
28,0,-890.0,10383.0,2018-08-13,26900000000.0
29,0,-682.0,11273.0,2018-08-10,28700000000.0
30,0,-69.0,11955.0,2018-08-09,30300000000.0
31,0,-1.0,12024.0,2018-08-08,30800000000.0
32,0,313.0,12025.0,2018-08-07,31000000000.0
33,0,-46.0,11712.0,2018-08-06,30300000000.0
34,0,0.0,11758.0,2018-08-03,30300000000.0
35,0,-629.0,11758.0,2018-08-02,30200000000.0
36,0,632.0,12387.0,2018-08-01,32100000000.0
37,0,-46.0,11755.0,2018-07-31,30400000000.0
38,0,-370.0,11801.0,2018-07-30,30400000000.0
39,0,272.0,12171.0,2018-07-27,31400000000.0
40,0,-91.0,11899.0,2018-07-26,31100000000.0
41,0,201.0,11990.0,2018-07-25,31400000000.0
42,0,286.0,11789.0,2018-07-24,30300000000.0
43,0,-787.0,11503.0,2018-07-23,29200000000.0
44,0,-164.0,12290.0,2018-07-20,31500000000.0
45,0,-24.0,12454.0,2018-07-19,32500000000.0
46,0,185.0,12478.0,2018-07-18,33700000000.0
47,0,272.0,12293.0,2018-07-17,34200000000.0
48,0,838.0,12021.0,2018-07-13,34500000000.0
49,0,620.0,11183.0,2018-07-12,32300000000.0
50,0,-607.0,10563.0,2018-07-11,30300000000.0
51,0,254.0,11170.0,2018-07-10,32400000000.0
52,0,549.0,10916.0,2018-07-09,31500000000.0
53,0,609.0,10367.0,2018-07-06,29500000000.0
54,0,-424.0,9758.0,2018-07-05,27600000000.0
55,0,-20.0,10182.0,2018-07-04,28700000000.0
56,0,-62.0,10202.0,2018-07-03,28400000000.0
57,0,-1219.0,10264.0,2018-07-02,28000000000.0
58,0,134.0,11483.0,2018-06-29,31100000000.0
59,0,0.0,11349.0,2018-06-28,30500000000.0
60,0,-200.0,11349.0,2018-06-27,30500000000.0
61,0,44.0,11549.0,2018-06-26,30300000000.0
62,0,-366.0,11505.0,2018-06-25,30000000000.0
63,0,-328.0,11871.0,2018-06-22,30900000000.0
64,0,275.0,12199.0,2018-06-21,32000000000.0
65,0,659.0,11924.0,2018-06-20,30700000000.0
66,0,-1029.0,11265.0,2018-06-19,28600000000.0
67,0,-506.0,12294.0,2018-06-18,30900000000.0
68,0,307.0,12800.0,2018-06-15,32200000000.0
69,0,-513.0,12493.0,2018-06-14,31700000000.0
70,0,192.0,13006.0,2018-06-13,34300000000.0
71,0,95.0,12814.0,2018-06-12,34600000000.0
72,0,398.0,12719.0,2018-06-11,34100000000.0
73,0,-455.0,12321.0,2018-06-08,33400000000.0
74,0,511.0,12776.0,2018-06-07,34800000000.0
75,0,238.0,12265.0,2018-06-06,33400000000.0
76,0,74.0,12027.0,2018-06-05,32800000000.0
77,0,621.0,11953.0,2018-06-04,32600000000.0
78,0,66.0,11332.0,2018-06-01,30900000000.0
79,0,339.0,11266.0,2018-05-31,30400000000.0
80,0,-605.0,10927.0,2018-05-30,29100000000.0
81,0,-434.0,11532.0,2018-05-29,30500000000.0
82,0,112.0,11966.0,2018-05-28,31700000000.0
83,0,68.0,11854.0,2018-05-25,31500000000.0
84,0,-732.0,11786.0,2018-05-24,31500000000.0
85,0,-589.0,12518.0,2018-05-23,33300000000.0
86,0,-124.0,13107.0,2018-05-22,35300000000.0
87,0,194.0,13231.0,2018-05-21,35900000000.0
88,0,217.0,13037.0,2018-05-18,35900000000.0
89,0,236.0,12820.0,2018-05-17,35700000000.0
90,0,-192.0,12584.0,2018-05-16,35100000000.0
91,0,-98.0,12776.0,2018-05-15,35800000000.0
92,0,310.0,12874.0,2018-05-14,36200000000.0
93,0,528.0,12564.0,2018-05-11,36000000000.0
94,0,182.0,12036.0,2018-05-10,34600000000.0
95,0,-231.0,11854.0,2018-05-09,34000000000.0
96,0,159.0,12085.0,2018-05-08,34800000000.0
97,0,-47.0,11926.0,2018-05-07,34300000000.0
98,0,-70.0,11973.0,2018-05-02,34000000000.0
99,0,-25.0,12043.0,2018-05-01,34100000000.0
100,0,426.0,12068.0,2018-04-27,34700000000.0
101,0,221.0,11642.0,2018-04-26,33800000000.0
102,0,-135.0,11421.0,2018-04-25,33000000000.0
103,0,391.0,11556.0,2018-04-24,33600000000.0
104,0,-133.0,11165.0,2018-04-23,32500000000.0
105,0,-89.0,11298.0,2018-04-20,32600000000.0
106,0,44.0,11387.0,2018-04-19,33200000000.0
107,0,733.0,11343.0,2018-04-18,33800000000.0
108,0,-42.0,10610.0,2018-04-17,31500000000.0
109,0,81.0,10652.0,2018-04-16,31900000000.0
110,0,305.0,10571.0,2018-04-13,31800000000.0
111,0,-21.0,10266.0,2018-04-12,30900000000.0
112,0,-396.0,10287.0,2018-04-11,31100000000.0
113,0,266.0,10683.0,2018-04-10,32400000000.0
114,0,180.0,10417.0,2018-04-09,31400000000.0
115,0,-20.0,10237.0,2018-04-06,31400000000.0
116,0,600.0,10257.0,2018-04-05,31800000000.0
117,0,38.0,9657.0,2018-04-04,30100000000.0
118,0,-216.0,9619.0,2018-04-03,29600000000.0
119,0,-60.0,9835.0,2018-04-02,30700000000.0
120,0,473.0,9895.0,2018-03-30,31200000000.0
121,0,333.0,9422.0,2018-03-29,30000000000.0
122,0,-151.0,9089.0,2018-03-28,28500000000.0
123,0,1091.0,9240.0,2018-03-27,29100000000.0
124,0,217.0,8149.0,2018-03-26,25300000000.0
125,0,-2078.0,7932.0,2018-03-23,23700000000.0
126,0,410.0,10010.0,2018-03-22,29400000000.0
127,0,-199.0,9600.0,2018-03-20,28300000000.0
128,0,-350.0,9799.0,2018-03-19,28900000000.0
129,0,-419.0,10149.0,2018-03-16,30100000000.0
130,0,62.0,10568.0,2018-03-15,31300000000.0
131,0,-408.0,10506.0,2018-03-14,30600000000.0
132,0,168.0,10914.0,2018-03-13,31700000000.0
133,0,737.0,10746.0,2018-03-12,31300000000.0
134,0,295.0,10009.0,2018-03-09,29100000000.0
135,0,366.0,9714.0,2018-03-08,28100000000.0
136,0,-537.0,9348.0,2018-03-07,26900000000.0
137,0,849.0,9885.0,2018-03-06,28200000000.0
138,0,-254.0,9036.0,2018-03-05,25800000000.0
139,0,-1059.0,9290.0,2018-03-02,25100000000.0
140,0,-1015.0,10349.0,2018-03-01,27500000000.0
141,0,-647.0,11364.0,2018-02-28,29700000000.0
142,0,357.0,12011.0,2018-02-27,31800000000.0
143,0,664.0,11654.0,2018-02-26,31200000000.0
144,0,523.0,10990.0,2018-02-23,29500000000.0
145,0,-676.0,10467.0,2018-02-22,28000000000.0
146,0,86.0,11143.0,2018-02-21,29800000000.0
147,0,-380.0,11057.0,2018-02-20,29200000000.0
148,0,755.0,11437.0,2018-02-19,30300000000.0
149,0,587.0,10682.0,2018-02-16,27600000000.0
150,0,519.0,10095.0,2018-02-15,25400000000.0
151,0,19.0,9576.0,2018-02-14,23900000000.0
152,0,-377.0,9557.0,2018-02-13,23600000000.0
153,0,-1260.0,9934.0,2018-02-09,22800000000.0
154,0,691.0,11194.0,2018-02-08,24900000000.0
155,0,197.0,10503.0,2018-02-07,21700000000.0
156,0,-2777.0,10306.0,2018-02-06,19800000000.0
157,0,-1820.0,13083.0,2018-02-05,23400000000.0
158,0,-338.0,14903.0,2018-02-02,25700000000.0
159,0,930.0,15241.0,2018-02-01,25700000000.0
160,0,-463.0,14311.0,2018-01-31,24000000000.0
161,0,-1006.0,14774.0,2018-01-30,23900000000.0
162,0,-59.0,15780.0,2018-01-29,25500000000.0
163,0,-87.0,15839.0,2018-01-26,24700000000.0
164,0,-749.0,15926.0,2018-01-25,23700000000.0
165,0,-649.0,16675.0,2018-01-24,23800000000.0
166,0,974.0,17324.0,2018-01-23,26000000000.0
167,0,-31.0,16350.0,2018-01-22,24400000000.0
168,0,87.0,16381.0,2018-01-19,24100000000.0
169,0,-149.0,16294.0,2018-01-18,24200000000.0
170,0,-393.0,16443.0,2018-01-17,23700000000.0
171,0,672.0,16836.0,2018-01-16,23700000000.0
172,0,229.0,16164.0,2018-01-15,22400000000.0
173,0,-29.0,15935.0,2018-01-12,21600000000.0
174,0,-444.0,15964.0,2018-01-11,21100000000.0
175,0,-179.0,16408.0,2018-01-10,20900000000.0
176,0,408.0,16587.0,2018-01-09,20600000000.0
177,0,880.0,16179.0,2018-01-05,20200000000.0
178,0,1694.0,15299.0,2018-01-04,21500000000.0
179,0,-78.0,13605.0,2017-12-29,19300000000.0
180,0,-290.0,13683.0,2017-12-28,19600000000.0
181,0,104.0,13973.0,2017-12-27,20300000000.0
182,0,-79.0,13869.0,2017-12-26,20100000000.0
183,0,77.0,13948.0,2017-12-25,20400000000.0
184,0,129.0,13871.0,2017-12-22,20300000000.0
185,0,-157.0,13742.0,2017-12-21,20000000000.0
186,0,156.0,13899.0,2017-12-20,20200000000.0
187,0,-211.0,13743.0,2017-12-19,20700000000.0
188,0,895.0,13954.0,2017-12-18,21200000000.0
189,0,-279.0,13059.0,2017-12-15,19500000000.0
190,0,-181.0,13338.0,2017-12-14,20000000000.0
191,0,-367.0,13519.0,2017-12-13,20000000000.0
192,0,-132.0,13886.0,2017-12-12,20600000000.0
193,0,258.0,14018.0,2017-12-11,21600000000.0
194,0,743.0,13760.0,2017-12-08,22100000000.0
195,0,799.0,13017.0,2017-12-07,20900000000.0
196,0,-1064.0,12218.0,2017-12-06,18700000000.0
197,0,-257.0,13282.0,2017-12-05,20100000000.0
198,0,-183.0,13539.0,2017-12-04,20100000000.0
199,0,51.0,13722.0,2017-12-01,20400000000.0
200,0,354.0,13671.0,2017-11-30,19600000000.0
201,0,298.0,13317.0,2017-11-29,19200000000.0
202,0,-1.0,13019.0,2017-11-28,18700000000.0
203,0,-202.0,13020.0,2017-11-27,18600000000.0
204,0,-1.0,13222.0,2017-11-24,18100000000.0
205,0,320.0,13223.0,2017-11-22,17500000000.0
206,0,504.0,12903.0,2017-11-21,17100000000.0
207,0,-517.0,12399.0,2017-11-20,16100000000.0
208,0,98.0,12916.0,2017-11-17,16900000000.0
209,0,858.0,12818.0,2017-11-16,16200000000.0
210,0,-960.0,11960.0,2017-11-15,14900000000.0
211,0,368.0,12920.0,2017-11-14,16100000000.0
212,0,-617.0,12552.0,2017-11-13,16300000000.0
213,0,-1005.0,13169.0,2017-11-10,17200000000.0
214,0,-107.0,14174.0,2017-11-09,18700000000.0
215,0,-135.0,14281.0,2017-11-08,18100000000.0
216,0,988.0,14416.0,2017-11-07,18200000000.0
217,0,301.0,13428.0,2017-11-06,16200000000.0
218,0,124.0,13127.0,2017-11-02,16000000000.0
219,0,1125.0,13003.0,2017-11-01,16200000000.0
220,0,-165.0,11878.0,2017-10-31,14500000000.0
221,0,-72.0,12043.0,2017-10-30,14000000000.0
222,0,633.0,12115.0,2017-10-27,13600000000.0
223,0,22.0,11482.0,2017-10-26,12700000000.0
224,0,-115.0,11460.0,2017-10-25,12400000000.0
225,0,157.0,11575.0,2017-10-24,12400000000.0
226,0,626.0,11418.0,2017-10-23,12100000000.0
227,0,-44.0,10792.0,2017-10-20,11800000000.0
228,0,256.0,10836.0,2017-10-19,11900000000.0
229,0,-1.0,10580.0,2017-10-18,11700000000.0
230,0,168.0,10581.0,2017-10-17,11800000000.0
231,0,227.0,10413.0,2017-10-16,11500000000.0
232,0,420.0,10186.0,2017-10-13,12100000000.0
233,0,158.0,9766.0,2017-10-12,11900000000.0
234,0,78.0,9608.0,2017-10-11,11600000000.0
235,0,230.0,9530.0,2017-10-10,11600000000.0
236,0,133.0,9300.0,2017-10-06,11300000000.0
237,0,19.0,9167.0,2017-10-05,11300000000.0
238,0,56.0,9148.0,2017-10-04,11300000000.0
239,0,349.0,9092.0,2017-10-03,11300000000.0
240,0,91.0,8743.0,2017-10-02,11400000000.0
241,0,-55.0,8652.0,2017-09-29,11200000000.0
242,0,126.0,8707.0,2017-09-28,11500000000.0
243,0,301.0,8581.0,2017-09-27,11100000000.0
244,0,-216.0,8280.0,2017-09-26,10700000000.0
245,0,159.0,8496.0,2017-09-25,11100000000.0
246,0,-72.0,8337.0,2017-09-22,10800000000.0
247,0,142.0,8409.0,2017-09-21,11300000000.0
248,0,-19.0,8267.0,2017-09-20,11400000000.0
249,0,598.0,8286.0,2017-09-19,12500000000.0
250,0,163.0,7688.0,2017-09-15,11800000000.0
251,0,-1.0,7525.0,2017-09-14,11800000000.0
252,0,98.0,7526.0,2017-09-13,12900000000.0
253,0,344.0,7428.0,2017-09-12,13400000000.0
254,0,403.0,7084.0,2017-09-11,15200000000.0
255,0,-169.0,6681.0,2017-09-08,13000000000.0
256,0,76.0,6850.0,2017-09-07,13400000000.0
257,0,-150.0,6774.0,2017-09-06,12900000000.0
258,0,-52.0,6924.0,2017-09-05,12600000000.0
259,0,-355.0,6976.0,2017-09-04,12200000000.0
260,0,-1.0,7331.0,2017-09-01,12900000000.0
261,0,264.0,7332.0,2017-08-31,15200000000.0
262,0,212.0,7068.0,2017-08-30,14700000000.0
263,0,-77.0,6856.0,2017-08-29,13100000000.0
264,0,-31.0,6933.0,2017-08-28,13200000000.0
265,0,195.0,6964.0,2017-08-25,13200000000.0
266,0,-153.0,6769.0,2017-08-24,12700000000.0
267,0,122.0,6922.0,2017-08-23,13000000000.0
268,0,-31.0,6800.0,2017-08-22,13300000000.0
