,分配金,前日比,基準価額,日時,純資産総額
0,0,112.0,11699.0,2018-09-21,22300000000.0
1,0,10.0,11587.0,2018-09-20,21900000000.0
2,0,109.0,11577.0,2018-09-19,21700000000.0
3,0,-92.0,11468.0,2018-09-18,21400000000.0
4,0,127.0,11560.0,2018-09-14,21300000000.0
5,0,-14.0,11433.0,2018-09-13,20900000000.0
6,0,51.0,11447.0,2018-09-12,20800000000.0
7,0,77.0,11396.0,2018-09-11,20500000000.0
8,0,16.0,11319.0,2018-09-10,20100000000.0
9,0,-110.0,11303.0,2018-09-07,20000000000.0
10,0,-64.0,11413.0,2018-09-06,20000000000.0
11,0,29.0,11477.0,2018-09-05,19600000000.0
12,0,9.0,11448.0,2018-09-04,19500000000.0
13,0,-3.0,11439.0,2018-09-03,19400000000.0
14,0,-119.0,11442.0,2018-08-31,19400000000.0
15,0,115.0,11561.0,2018-08-30,19400000000.0
16,0,6.0,11446.0,2018-08-29,19100000000.0
17,0,85.0,11440.0,2018-08-28,18900000000.0
18,0,39.0,11355.0,2018-08-27,18700000000.0
19,0,52.0,11316.0,2018-08-24,18700000000.0
20,0,63.0,11264.0,2018-08-23,18500000000.0
21,0,71.0,11201.0,2018-08-22,18300000000.0
22,0,-46.0,11130.0,2018-08-21,18000000000.0
23,0,8.0,11176.0,2018-08-20,18000000000.0
24,0,114.0,11168.0,2018-08-17,18000000000.0
25,0,-167.0,11054.0,2018-08-16,17600000000.0
26,0,135.0,11221.0,2018-08-15,17700000000.0
27,0,-21.0,11086.0,2018-08-14,17400000000.0
28,0,-106.0,11107.0,2018-08-13,17400000000.0
29,0,-6.0,11213.0,2018-08-10,17400000000.0
30,0,-66.0,11219.0,2018-08-09,17300000000.0
31,0,50.0,11285.0,2018-08-08,17300000000.0
32,0,58.0,11235.0,2018-08-07,17100000000.0
33,0,-19.0,11177.0,2018-08-06,16900000000.0
34,0,74.0,11196.0,2018-08-03,16800000000.0
35,0,-25.0,11122.0,2018-08-02,16600000000.0
36,0,145.0,11147.0,2018-08-01,16600000000.0
37,0,-83.0,11002.0,2018-07-31,16200000000.0
38,0,-90.0,11085.0,2018-07-30,16200000000.0
39,0,22.0,11175.0,2018-07-27,16200000000.0
40,0,36.0,11153.0,2018-07-26,16100000000.0
41,0,28.0,11117.0,2018-07-25,15900000000.0
42,0,48.0,11089.0,2018-07-24,15700000000.0
43,0,-184.0,11041.0,2018-07-23,15400000000.0
44,0,-42.0,11225.0,2018-07-20,15500000000.0
45,0,0.0,11267.0,2018-07-19,15500000000.0
46,0,108.0,11267.0,2018-07-18,15400000000.0
47,0,-43.0,11159.0,2018-07-17,15100000000.0
48,0,147.0,11202.0,2018-07-13,15000000000.0
49,0,45.0,11055.0,2018-07-12,14900000000.0
50,0,15.0,11010.0,2018-07-11,14700000000.0
51,0,155.0,10995.0,2018-07-10,14600000000.0
52,0,67.0,10840.0,2018-07-09,14300000000.0
53,0,119.0,10773.0,2018-07-06,14100000000.0
54,0,6.0,10654.0,2018-07-05,13900000000.0
55,0,-82.0,10648.0,2018-07-04,13900000000.0
56,0,32.0,10730.0,2018-07-03,13900000000.0
57,0,39.0,10698.0,2018-07-02,13800000000.0
58,0,112.0,10659.0,2018-06-29,13700000000.0
59,0,-83.0,10547.0,2018-06-28,13400000000.0
60,0,55.0,10630.0,2018-06-27,13500000000.0
61,0,-162.0,10575.0,2018-06-26,13300000000.0
62,0,-24.0,10737.0,2018-06-25,13400000000.0
63,0,-112.0,10761.0,2018-06-22,13400000000.0
64,0,58.0,10873.0,2018-06-21,13400000000.0
65,0,-42.0,10815.0,2018-06-20,13300000000.0
66,0,-53.0,10857.0,2018-06-19,13200000000.0
67,0,-22.0,10910.0,2018-06-18,13200000000.0
68,0,66.0,10932.0,2018-06-15,13100000000.0
69,0,-56.0,10866.0,2018-06-14,13000000000.0
70,0,34.0,10922.0,2018-06-13,12900000000.0
71,0,110.0,10888.0,2018-06-12,12700000000.0
72,0,-9.0,10778.0,2018-06-11,12600000000.0
73,0,-44.0,10787.0,2018-06-08,12500000000.0
74,0,126.0,10831.0,2018-06-07,12500000000.0
75,0,7.0,10705.0,2018-06-06,12300000000.0
76,0,75.0,10698.0,2018-06-05,12200000000.0
77,0,178.0,10623.0,2018-06-04,12100000000.0
78,0,-49.0,10445.0,2018-06-01,11800000000.0
79,0,161.0,10494.0,2018-05-31,11800000000.0
80,0,-184.0,10333.0,2018-05-30,11600000000.0
81,0,-27.0,10517.0,2018-05-29,11800000000.0
82,0,-25.0,10544.0,2018-05-28,11700000000.0
83,0,-27.0,10569.0,2018-05-25,11700000000.0
84,0,-87.0,10596.0,2018-05-24,11700000000.0
85,0,-47.0,10683.0,2018-05-23,11700000000.0
86,0,67.0,10730.0,2018-05-22,11600000000.0
87,0,-10.0,10663.0,2018-05-21,11500000000.0
88,0,62.0,10673.0,2018-05-18,11400000000.0
89,0,51.0,10611.0,2018-05-17,11300000000.0
90,0,-8.0,10560.0,2018-05-16,11100000000.0
91,0,47.0,10568.0,2018-05-15,11100000000.0
92,0,3.0,10521.0,2018-05-14,11000000000.0
93,0,46.0,10518.0,2018-05-11,11000000000.0
94,0,159.0,10472.0,2018-05-10,10900000000.0
95,0,42.0,10313.0,2018-05-09,10700000000.0
96,0,41.0,10271.0,2018-05-08,10600000000.0
97,0,-45.0,10230.0,2018-05-07,10500000000.0
98,0,65.0,10275.0,2018-05-02,10400000000.0
99,0,-67.0,10210.0,2018-05-01,10300000000.0
100,0,89.0,10277.0,2018-04-27,10400000000.0
101,0,62.0,10188.0,2018-04-26,10200000000.0
102,0,-111.0,10126.0,2018-04-25,10100000000.0
103,0,83.0,10237.0,2018-04-24,10100000000.0
104,0,-47.0,10154.0,2018-04-23,10000000000.0
105,0,-57.0,10201.0,2018-04-20,9980000000.0
106,0,41.0,10258.0,2018-04-19,9950000000.0
107,0,118.0,10217.0,2018-04-18,9860000000.0
108,0,43.0,10099.0,2018-04-17,9640000000.0
109,0,-19.0,10056.0,2018-04-16,9560000000.0
110,0,126.0,10075.0,2018-04-13,9470000000.0
111,0,-64.0,9949.0,2018-04-12,9300000000.0
112,0,192.0,10013.0,2018-04-11,9290000000.0
113,0,22.0,9821.0,2018-04-10,9030000000.0
114,0,-243.0,9799.0,2018-04-09,8980000000.0
115,0,106.0,10042.0,2018-04-06,9130000000.0
116,0,137.0,9936.0,2018-04-05,8990000000.0
117,0,183.0,9799.0,2018-04-04,8800000000.0
118,0,-266.0,9616.0,2018-04-03,8480000000.0
119,0,6.0,9882.0,2018-04-02,8710000000.0
120,0,72.0,9876.0,2018-03-30,8600000000.0
121,0,106.0,9804.0,2018-03-29,8470000000.0
122,0,-183.0,9698.0,2018-03-28,8309999999.999999
123,0,305.0,9881.0,2018-03-27,8340000000.000001
124,0,-197.0,9576.0,2018-03-26,8009999999.999999
125,0,-314.0,9773.0,2018-03-23,8100000000.0
126,0,-41.0,10087.0,2018-03-22,8309999999.999999
127,0,-113.0,10128.0,2018-03-20,8300000000.0
128,0,-16.0,10241.0,2018-03-19,8340000000.000001
129,0,9.0,10257.0,2018-03-16,8259999999.999999
130,0,-116.0,10248.0,2018-03-15,8220000000.0
131,0,-33.0,10364.0,2018-03-14,8270000000.0
132,0,-62.0,10397.0,2018-03-13,8120000000.0
133,0,191.0,10459.0,2018-03-12,8120000000.0
134,0,97.0,10268.0,2018-03-09,7940000000.000001
135,0,56.0,10171.0,2018-03-08,7790000000.000001
136,0,-22.0,10115.0,2018-03-07,7680000000.0
137,0,178.0,10137.0,2018-03-06,7600000000.0
138,0,-4.0,9959.0,2018-03-05,7459999999.999999
139,0,-163.0,9963.0,2018-03-02,7370000000.0
140,0,-174.0,10126.0,2018-03-01,7420000000.0
141,0,-82.0,10300.0,2018-02-28,7450000000.0
142,0,102.0,10382.0,2018-02-27,7420000000.0
143,0,149.0,10280.0,2018-02-26,7309999999.999999
144,0,-42.0,10131.0,2018-02-23,7150000000.0
145,0,-50.0,10173.0,2018-02-22,7120000000.0
146,0,9.0,10223.0,2018-02-21,6940000000.000001
147,0,48.0,10214.0,2018-02-20,6930000000.0
148,0,4.0,10166.0,2018-02-19,6809999999.999999
149,0,69.0,10162.0,2018-02-16,6659999999.999999
150,0,47.0,10093.0,2018-02-15,6570000000.0
151,0,-51.0,10046.0,2018-02-14,6340000000.0
152,0,254.0,10097.0,2018-02-13,6310000000.0
153,0,-414.0,9843.0,2018-02-09,6020000000.0
154,0,-46.0,10257.0,2018-02-08,6160000000.0
155,0,198.0,10303.0,2018-02-07,6280000000.0
156,0,-498.0,10105.0,2018-02-06,6120000000.0
157,0,-186.0,10603.0,2018-02-05,6400000000.0
158,0,16.0,10789.0,2018-02-02,6409999999.999999
159,0,48.0,10773.0,2018-02-01,6330000000.0
160,0,-138.0,10725.0,2018-01-31,6310000000.0
161,0,-38.0,10863.0,2018-01-30,6230000000.0
162,0,7.0,10901.0,2018-01-29,6150000000.0
163,0,32.0,10894.0,2018-01-26,6040000000.0
164,0,-88.0,10862.0,2018-01-25,5850000000.0
165,0,-42.0,10950.0,2018-01-24,5790000000.0
166,0,108.0,10992.0,2018-01-23,5670000000.0
167,0,21.0,10884.0,2018-01-22,5470000000.0
168,0,-40.0,10863.0,2018-01-19,5390000000.0
169,0,192.0,10903.0,2018-01-18,5320000000.0
170,0,-94.0,10711.0,2018-01-17,4970000000.0
171,0,-6.0,10805.0,2018-01-16,5010000000.0
172,0,30.0,10811.0,2018-01-15,4900000000.0
173,0,67.0,10781.0,2018-01-12,4770000000.0
174,0,-111.0,10714.0,2018-01-11,4580000000.0
175,0,-49.0,10825.0,2018-01-10,4330000000.0
176,0,118.0,10874.0,2018-01-09,4240000000.0
177,0,49.0,10756.0,2018-01-05,3940000000.0
178,0,72.0,10707.0,2018-01-04,3860000000.0
179,0,-22.0,10635.0,2017-12-29,3770000000.0000005
180,0,-138.0,10725.0,2018-01-31,6310000000.0
181,0,-38.0,10863.0,2018-01-30,6230000000.0
182,0,7.0,10901.0,2018-01-29,6150000000.0
183,0,32.0,10894.0,2018-01-26,6040000000.0
184,0,-88.0,10862.0,2018-01-25,5850000000.0
185,0,-42.0,10950.0,2018-01-24,5790000000.0
186,0,108.0,10992.0,2018-01-23,5670000000.0
187,0,21.0,10884.0,2018-01-22,5470000000.0
188,0,-40.0,10863.0,2018-01-19,5390000000.0
189,0,192.0,10903.0,2018-01-18,5320000000.0
190,0,-94.0,10711.0,2018-01-17,4970000000.0
191,0,-6.0,10805.0,2018-01-16,5010000000.0
192,0,30.0,10811.0,2018-01-15,4900000000.0
193,0,67.0,10781.0,2018-01-12,4770000000.0
194,0,-111.0,10714.0,2018-01-11,4580000000.0
195,0,-49.0,10825.0,2018-01-10,4330000000.0
196,0,118.0,10874.0,2018-01-09,4240000000.0
197,0,49.0,10756.0,2018-01-05,3940000000.0
198,0,72.0,10707.0,2018-01-04,3860000000.0
199,0,-22.0,10635.0,2017-12-29,3770000000.0000005
200,0,10.0,10657.0,2017-12-28,3720000000.0000005
201,0,-6.0,10647.0,2017-12-27,3500000000.0
202,0,15.0,10653.0,2017-12-26,3500000000.0
203,0,-21.0,10638.0,2017-12-25,3429999999.9999995
204,0,36.0,10659.0,2017-12-22,3350000000.0
205,0,22.0,10623.0,2017-12-21,3260000000.0
206,0,-10.0,10601.0,2017-12-20,3180000000.0
207,0,60.0,10611.0,2017-12-19,3060000000.0
208,0,125.0,10551.0,2017-12-18,2990000000.0
209,0,-86.0,10426.0,2017-12-15,2890000000.0
210,0,-56.0,10512.0,2017-12-14,2860000000.0
211,0,-4.0,10568.0,2017-12-13,2820000000.0
212,0,18.0,10572.0,2017-12-12,2750000000.0
213,0,88.0,10554.0,2017-12-11,2720000000.0
214,0,113.0,10466.0,2017-12-08,2660000000.0
215,0,-3.0,10353.0,2017-12-07,2580000000.0
216,0,-44.0,10356.0,2017-12-06,2540000000.0
217,0,-41.0,10400.0,2017-12-05,2500000000.0
218,0,5.0,10441.0,2017-12-04,2480000000.0
219,0,119.0,10436.0,2017-12-01,2450000000.0
220,0,39.0,10317.0,2017-11-30,2390000000.0
221,0,157.0,10278.0,2017-11-29,2350000000.0
222,0,-70.0,10121.0,2017-11-28,2270000000.0
223,0,40.0,10191.0,2017-11-27,2230000000.0
224,0,-90.0,10151.0,2017-11-24,2200000000.0
225,0,45.0,10241.0,2017-11-22,2200000000.0
226,0,67.0,10196.0,2017-11-21,2130000000.0
227,0,-89.0,10129.0,2017-11-20,2089999999.9999998
228,0,83.0,10218.0,2017-11-17,2060000000.0000002
229,0,-89.0,10135.0,2017-11-16,2000000000.0
230,0,-35.0,10224.0,2017-11-15,1939999999.9999998
231,0,3.0,10259.0,2017-11-14,1900000000.0
232,0,28.0,10256.0,2017-11-13,1850000000.0
233,0,-102.0,10228.0,2017-11-10,1780000000.0
234,0,44.0,10330.0,2017-11-09,1730000000.0
235,0,-15.0,10286.0,2017-11-08,1630000000.0
236,0,-40.0,10301.0,2017-11-07,1480000000.0
237,0,57.0,10341.0,2017-11-06,1440000000.0
238,0,25.0,10284.0,2017-11-02,1350000000.0
239,0,83.0,10259.0,2017-11-01,1280000000.0
240,0,-100.0,10176.0,2017-10-31,1130000000.0
241,0,48.0,10276.0,2017-10-30,1019999999.9999999
242,0,65.0,10228.0,2017-10-27,965000000.0
243,0,-84.0,10163.0,2017-10-26,864000000.0
244,0,64.0,10247.0,2017-10-25,790000000.0
245,0,-89.0,10183.0,2017-10-24,627000000.0
246,0,155.0,10272.0,2017-10-23,516000000.0
247,0,-19.0,10117.0,2017-10-20,488000000.0
248,0,82.0,10136.0,2017-10-19,466000000.0
249,0,2.0,10054.0,2017-10-18,446000000.0
250,0,20.0,10052.0,2017-10-17,400000000.0
251,0,-11.0,10032.0,2017-10-16,344000000.0
252,0,-27.0,10043.0,2017-10-13,265000000.0
253,0,24.0,10070.0,2017-10-12,227000000.0
254,0,-17.0,10046.0,2017-10-11,157000000.0
255,0,-40.0,10063.0,2017-10-10,134000000.00000001
256,0,59.0,10103.0,2017-10-06,124000000.0
257,0,27.0,10044.0,2017-10-05,91000000.0
258,0,-14.0,10017.0,2017-10-04,65000000.0
259,0,51.0,10031.0,2017-10-03,21000000.0
260,0,-20.0,9980.0,2017-10-02,5000000.0
261,0,0.0,10000.0,2017-09-29,5000000.0
